AMIGO-MOUTH: 0.09593558311462402
AMIGO-LAB: 0.14522147178649902
AMIGO-STOOGE: 0.2033420205116272
AMIGO-WOLF: 0.17473143339157104
AMIGO-KING: 0.13543593883514404
AMIGO-NOSE: 0.09806525707244873
AMIGO-CHOW: 0.1578197479248047
AMIGO-TENOR: 0.19572746753692627
AMIGO-POM: 0.24521183967590332
AMIGO-SCARF: 0.12879735231399536
AMIGO-EYE: 0.23810946941375732
AMIGO-PIT: 0.20919644832611084
AMIGO-GOBBLE: 0.22479426860809326
AMIGO-PEKE: 0.24924731254577637
AMIGO-CHEEK: 0.18965047597885132
MOUTH-LAB: 0.2809678316116333
MOUTH-STOOGE: 0.20832961797714233
MOUTH-WOLF: 0.27234870195388794
MOUTH-KING: 0.19107657670974731
MOUTH-NOSE: 0.5703821182250977
MOUTH-CHOW: 0.28028404712677
MOUTH-TENOR: 0.20515942573547363
MOUTH-POM: 0.20273727178573608
MOUTH-SCARF: 0.2001780867576599
MOUTH-EYE: 0.4808551073074341
MOUTH-PIT: 0.3386538624763489
MOUTH-GOBBLE: 0.3145921230316162
MOUTH-PEKE: 0.19001555442810059
MOUTH-CHEEK: 0.5116209387779236
LAB-STOOGE: 0.20819604396820068
LAB-WOLF: 0.33537518978118896
LAB-KING: 0.21321606636047363
LAB-NOSE: 0.23164010047912598
LAB-CHOW: 0.3570091724395752
LAB-TENOR: 0.12625205516815186
LAB-POM: 0.22197657823562622
LAB-SCARF: 0.22192060947418213
LAB-EYE: 0.25141751766204834
LAB-PIT: 0.3810316324234009
LAB-GOBBLE: 0.17052602767944336
LAB-PEKE: 0.17425823211669922
LAB-CHEEK: 0.2139979600906372
STOOGE-WOLF: 0.24502402544021606
STOOGE-KING: 0.21511924266815186
STOOGE-NOSE: 0.20765161514282227
STOOGE-CHOW: 0.1575862169265747
STOOGE-TENOR: 0.270416259765625
STOOGE-POM: 0.28476452827453613
STOOGE-SCARF: 0.2676011323928833
STOOGE-EYE: 0.22434943914413452
STOOGE-PIT: 0.2324357032775879
STOOGE-GOBBLE: 0.3162241578102112
STOOGE-PEKE: 0.19542688131332397
STOOGE-CHEEK: 0.23455804586410522
WOLF-KING: 0.34940361976623535
WOLF-NOSE: 0.2088557481765747
WOLF-CHOW: 0.3479732871055603
WOLF-TENOR: 0.17913037538528442
WOLF-POM: 0.12236297130584717
WOLF-SCARF: 0.2962825298309326
WOLF-EYE: 0.28480225801467896
WOLF-PIT: 0.3258320689201355
WOLF-GOBBLE: 0.34965384006500244
WOLF-PEKE: 0.23382389545440674
WOLF-CHEEK: 0.27307915687561035
KING-NOSE: 0.09491217136383057
KING-CHOW: 0.27333569526672363
KING-TENOR: 0.22160178422927856
KING-POM: 0.2066013216972351
KING-SCARF: 0.263576865196228
KING-EYE: 0.2746453285217285
KING-PIT: 0.296575129032135
KING-GOBBLE: 0.20684736967086792
KING-PEKE: 0.26156187057495117
KING-CHEEK: 0.2817785143852234
NOSE-CHOW: 0.2303990125656128
NOSE-TENOR: 0.15427595376968384
NOSE-POM: 0.19986486434936523
NOSE-SCARF: 0.39353275299072266
NOSE-EYE: 0.47435128688812256
NOSE-PIT: 0.21061956882476807
NOSE-GOBBLE: 0.16215956211090088
NOSE-PEKE: 0.23992842435836792
NOSE-CHEEK: 0.4855263829231262
CHOW-TENOR: 0.16574466228485107
CHOW-POM: 0.253714919090271
CHOW-SCARF: 0.28847235441207886
CHOW-EYE: 0.17545270919799805
CHOW-PIT: 0.3417664170265198
CHOW-GOBBLE: 0.3635738492012024
CHOW-PEKE: 0.2315688133239746
CHOW-CHEEK: 0.2888498306274414
TENOR-POM: 0.12285667657852173
TENOR-SCARF: 0.13097262382507324
TENOR-EYE: 0.12301427125930786
TENOR-PIT: 0.1427898406982422
TENOR-GOBBLE: 0.1499873399734497
TENOR-PEKE: 0.19242006540298462
TENOR-CHEEK: 0.2034766674041748
POM-SCARF: 0.149699866771698
POM-EYE: 0.2485133409500122
POM-PIT: 0.23192131519317627
POM-GOBBLE: 0.2512947916984558
POM-PEKE: 0.2875640392303467
POM-CHEEK: 0.1804240345954895
SCARF-EYE: 0.32662904262542725
SCARF-PIT: 0.16916722059249878
SCARF-GOBBLE: 0.1646890640258789
SCARF-PEKE: 0.17201876640319824
SCARF-CHEEK: 0.2914597988128662
EYE-PIT: 0.2645169496536255
EYE-GOBBLE: 0.25361669063568115
EYE-PEKE: 0.18139398097991943
EYE-CHEEK: 0.4145730137825012
PIT-GOBBLE: 0.18829387426376343
PIT-PEKE: 0.19789600372314453
PIT-CHEEK: 0.29799389839172363
GOBBLE-PEKE: 0.24451112747192383
GOBBLE-CHEEK: 0.24062442779541016
PEKE-CHEEK: 0.2896641492843628
